# Calculations


### Gaussian elimination
Augmented matrix:

                      1                    0.5     0.3333333333333333                   0.25                    0.2    0.16666666666666666    0.14285714285714285                  0.125     0.1111111111111111                    0.1  |                       10
                    0.5     0.3333333333333333                   0.25                    0.2    0.16666666666666666    0.14285714285714285                  0.125     0.1111111111111111                    0.1    0.09090909090909091  |                      2.5
     0.3333333333333333                   0.25                    0.2    0.16666666666666666    0.14285714285714285                  0.125     0.1111111111111111                    0.1    0.09090909090909091    0.08333333333333333  |       1.1111111111111112
                   0.25                    0.2    0.16666666666666666    0.14285714285714285                  0.125     0.1111111111111111                    0.1    0.09090909090909091    0.08333333333333333    0.07692307692307693  |                    0.625
                    0.2    0.16666666666666666    0.14285714285714285                  0.125     0.1111111111111111                    0.1    0.09090909090909091    0.08333333333333333    0.07692307692307693    0.07142857142857142  |                      0.4
    0.16666666666666666    0.14285714285714285                  0.125     0.1111111111111111                    0.1    0.09090909090909091    0.08333333333333333    0.07692307692307693    0.07142857142857142    0.06666666666666667  |       0.2777777777777778
    0.14285714285714285                  0.125     0.1111111111111111                    0.1    0.09090909090909091    0.08333333333333333    0.07692307692307693    0.07142857142857142    0.06666666666666667                 0.0625  |      0.20408163265306123
                  0.125     0.1111111111111111                    0.1    0.09090909090909091    0.08333333333333333    0.07692307692307693    0.07142857142857142    0.06666666666666667                 0.0625   0.058823529411764705  |                  0.15625
     0.1111111111111111                    0.1    0.09090909090909091    0.08333333333333333    0.07692307692307693    0.07142857142857142    0.06666666666666667                 0.0625   0.058823529411764705    0.05555555555555555  |      0.12345679012345678
                    0.1    0.09090909090909091    0.08333333333333333    0.07692307692307693    0.07142857142857142    0.06666666666666667                 0.0625   0.058823529411764705    0.05555555555555555    0.05263157894736842  |                      0.1

Step #1:

                      1                    0.5     0.3333333333333333                   0.25                    0.2    0.16666666666666666    0.14285714285714285                  0.125     0.1111111111111111                    0.1  |                       10
                      0    0.08333333333333331    0.08333333333333334    0.07500000000000001    0.06666666666666665    0.05952380952380952   0.053571428571428575   0.048611111111111105    0.04444444444444445    0.04090909090909091  |                     -2.5
                      0    0.08333333333333334     0.0888888888888889    0.08333333333333333    0.07619047619047618    0.06944444444444445    0.06349206349206349    0.05833333333333334    0.05387205387205388   0.049999999999999996  |       -2.222222222222222
                      0    0.07500000000000001    0.08333333333333333    0.08035714285714285                  0.075    0.06944444444444445     0.0642857142857143    0.05965909090909091    0.05555555555555555   0.051923076923076926  |                   -1.875
                      0    0.06666666666666665    0.07619047619047618                  0.075     0.0711111111111111    0.06666666666666668   0.062337662337662345    0.05833333333333333     0.0547008547008547    0.05142857142857142  |                     -1.6
                      0    0.05952380952380952    0.06944444444444445    0.06944444444444445    0.06666666666666668    0.06313131313131314    0.05952380952380952     0.0560897435897436    0.05291005291005291                   0.05  |      -1.3888888888888888
                      0   0.053571428571428575    0.06349206349206349     0.0642857142857143   0.062337662337662345    0.05952380952380952    0.05651491365777081    0.05357142857142857   0.050793650793650794   0.048214285714285716  |      -1.2244897959183672
                      0   0.048611111111111105    0.05833333333333334    0.05965909090909091    0.05833333333333333     0.0560897435897436    0.05357142857142857   0.051041666666666666    0.04861111111111111    0.04632352941176471  |                 -1.09375
                      0    0.04444444444444445    0.05387205387205388    0.05555555555555555     0.0547008547008547    0.05291005291005291   0.050793650793650794    0.04861111111111111    0.04647785039941903    0.04444444444444444  |      -0.9876543209876544
                      0    0.04090909090909091   0.049999999999999996   0.051923076923076926    0.05142857142857142                   0.05   0.048214285714285716    0.04632352941176471    0.04444444444444444   0.042631578947368416  |                     -0.9

Step #2:

                      1                    0.5     0.3333333333333333                   0.25                    0.2    0.16666666666666666    0.14285714285714285                  0.125     0.1111111111111111                    0.1  |                       10
                      0    0.08333333333333331    0.08333333333333334    0.07500000000000001    0.06666666666666665    0.05952380952380952   0.053571428571428575   0.048611111111111105    0.04444444444444445    0.04090909090909091  |                     -2.5
                      0-1.3877787807814457E-17   0.005555555555555522    0.00833333333333329   0.009523809523809504     0.0099206349206349   0.009920634920634892   0.009722222222222215   0.009427609427609403   0.009090909090909066  |        0.277777777777779
                      0                      0    0.00833333333333329   0.012857142857142817   0.014999999999999986   0.015873015873015858   0.016071428571428556     0.0159090909090909    0.01555555555555553   0.015104895104895093  |       0.3750000000000009
                      0                      0   0.009523809523809504   0.014999999999999986   0.017777777777777774   0.019047619047619063    0.01948051948051948   0.019444444444444438    0.01914529914529914    0.01870129870129869  |       0.3999999999999999
                      0                      0   0.009920634920634906   0.015873015873015858   0.019047619047619063    0.02061430632859204   0.021258503401360533   0.021367521367521375    0.02116402116402115   0.020779220779220776  |       0.3968253968253972
                      0                      0     0.0099206349206349   0.016071428571428563   0.019480519480519487   0.021258503401360533   0.022076138147566718    0.02232142857142856    0.02222222222222221   0.021915584415584412  |       0.3826530612244905
                      0                      0   0.009722222222222222     0.0159090909090909   0.019444444444444445   0.021367521367521375    0.02232142857142856   0.022685185185185187    0.02268518518518518   0.022459893048128343  |       0.3645833333333335
                      0                      0    0.00942760942760941    0.01555555555555553    0.01914529914529914    0.02116402116402115    0.02222222222222221    0.02268518518518518    0.02277414669571531   0.022626262626262612  |      0.34567901234567955
                      0                      0   0.009090909090909073   0.015104895104895093    0.01870129870129869   0.020779220779220776    0.02191558441558441   0.022459893048128343   0.022626262626262612    0.02254893431926924  |       0.3272727272727275

Step #3:

                      1                    0.5     0.3333333333333333                   0.25                    0.2    0.16666666666666666    0.14285714285714285                  0.125     0.1111111111111111                    0.1  |                       10
                      0    0.08333333333333331    0.08333333333333334    0.07500000000000001    0.06666666666666665    0.05952380952380952   0.053571428571428575   0.048611111111111105    0.04444444444444445    0.04090909090909091  |                     -2.5
                      0-1.3877787807814457E-17   0.005555555555555522    0.00833333333333329   0.009523809523809504     0.0099206349206349   0.009920634920634892   0.009722222222222215   0.009427609427609403   0.009090909090909066  |        0.277777777777779
                      0                      0                      0 0.00035714285714287183  0.0007142857142857176  0.0009920634920634955  0.0011904761904762036  0.0013257575757575652  0.0014141414141414146  0.0014685314685314813  |     -0.04166666666666802
                      0                      0                      0  0.0007142857142857176   0.001451247165532847  0.0020408163265305986   0.002473716759431026   0.002777777777777716   0.002983682983682956  0.0031168831168830874  |      -0.0761904761904803
                      0                      0                      0   0.000992063492063485  0.0020408163265305847  0.0028988868274582094   0.003543083900226715   0.004006410256410194  0.0043290043290042796   0.004545454545454512  |     -0.09920634920635335
                      0                      0                      0  0.0011904761904762019  0.0024737167594310223   0.003543083900226715   0.004360718646432914   0.004960317460317394   0.005387205387205354   0.005681818181818159  |     -0.11337868480725966
                      0                      0                      0  0.0013257575757575548  0.0027777777777777124   0.004006410256410197   0.004960317460317394   0.005671296296296206   0.006186868686868626    0.00655080213903738  |     -0.12152777777778273
                      0                      0                      0   0.001414141414141406  0.0029836829836829455   0.004329004329004283   0.005387205387205354   0.006186868686868626   0.006775779182196257   0.007199265381083527  |     -0.12570145903479585
                      0                      0                      0   0.001468531468531471  0.0031168831168830752   0.004545454545454509   0.005681818181818156    0.00655080213903738   0.007199265381083526   0.007672901261417979  |     -0.12727272727273092

Step #4:

                      1                    0.5     0.3333333333333333                   0.25                    0.2    0.16666666666666666    0.14285714285714285                  0.125     0.1111111111111111                    0.1  |                       10
                      0    0.08333333333333331    0.08333333333333334    0.07500000000000001    0.06666666666666665    0.05952380952380952   0.053571428571428575   0.048611111111111105    0.04444444444444445    0.04090909090909091  |                     -2.5
                      0-1.3877787807814457E-17   0.005555555555555522    0.00833333333333329   0.009523809523809504     0.0099206349206349   0.009920634920634892   0.009722222222222215   0.009427609427609403   0.009090909090909066  |        0.277777777777779
                      0                      0                      0 0.00035714285714287183  0.0007142857142857176  0.0009920634920634955  0.0011904761904762036  0.0013257575757575652  0.0014141414141414146  0.0014685314685314813  |     -0.04166666666666802
                      0                      0                      0                      0 2.2675736961463855E-05  5.668934240368002E-05  9.276437847870536E-05 0.00012626262626268215 0.00015540015540022956 0.00017982017982023186  |    0.0071428571428526905
                      0                      0                      0                      0  5.668934240368696E-05 0.00014315490505974367 0.00023620559334853108 0.00032375032375046766 0.00040083373416720594  0.0004662004662005937  |     0.016534391534385573
                      0                      0                      0                      0  9.276437847870536E-05 0.00023620559334850116  0.0003924646781790272  0.0005411255411256494  0.0006734006734007867  0.0007867132867133758  |      0.02551020408162935
                      0                      0                      0                      0  0.0001262626262626995  0.0003237503237504616  0.0005411255411256781  0.0007499234771964338  0.0009374043464954922  0.0010994353240344652  |      0.03314393939393065
                      0                      0                      0                      0  0.0001554001554002365 0.00040083373416719206  0.0006734006734008093  0.0009374043464954827  0.0011763505524648582  0.0013844741117470258  |     0.039281705948366746
                      0                      0                      0  2.168404344971009E-19 0.00017982017982024054  0.0004662004662005772  0.0007867132867134009  0.0010994353240344609  0.0013844741117470302  0.0016344641740300286  |     0.044055944055939184

Step #5:

                      1                    0.5     0.3333333333333333                   0.25                    0.2    0.16666666666666666    0.14285714285714285                  0.125     0.1111111111111111                    0.1  |                       10
                      0    0.08333333333333331    0.08333333333333334    0.07500000000000001    0.06666666666666665    0.05952380952380952   0.053571428571428575   0.048611111111111105    0.04444444444444445    0.04090909090909091  |                     -2.5
                      0-1.3877787807814457E-17   0.005555555555555522    0.00833333333333329   0.009523809523809504     0.0099206349206349   0.009920634920634892   0.009722222222222215   0.009427609427609403   0.009090909090909066  |        0.277777777777779
                      0                      0                      0 0.00035714285714287183  0.0007142857142857176  0.0009920634920634955  0.0011904761904762036  0.0013257575757575652  0.0014141414141414146  0.0014685314685314813  |     -0.04166666666666802
                      0                      0                      0                      0 2.2675736961463855E-05  5.668934240368002E-05  9.276437847870536E-05 0.00012626262626268215 0.00015540015540022956 0.00017982017982023186  |    0.0071428571428526905
                      0                      0                      0                      0                      0 1.4315490504753121E-06  4.294647151655923E-06  8.093758093610163E-06   1.23333456664448E-05 1.6650016649797424E-05  |   -0.0013227513227547574
                      0                      0                      0                      0                      0  4.294647151654378E-06  1.297403894800239E-05  2.459661550564406E-05 3.7672764945373524E-05  5.108527835796437E-05  |    -0.003710575139128376
                      0                      0                      0                      0                      0  8.093758093599321E-06 2.4596615505601666E-05  4.687021732466398E-05  7.210802665328405E-05  9.816386821724101E-05  |    -0.006628787878772788
                      0                      0                      0                      0                      0 1.2333345666461172E-05  3.767276494536767E-05  7.210802665335485E-05 0.00011137046650527946 0.00015214001227974476  |    -0.009669343002650016
                      0                      0                      0  2.168404344971009E-19                      0  1.665001664981423E-05  5.108527835795396E-05   9.81638682173258E-05 0.00015214001227974454 0.00020847757321815165  |    -0.012587412587369784

Step #6:

                      1                    0.5     0.3333333333333333                   0.25                    0.2    0.16666666666666666    0.14285714285714285                  0.125     0.1111111111111111                    0.1  |                       10
                      0    0.08333333333333331    0.08333333333333334    0.07500000000000001    0.06666666666666665    0.05952380952380952   0.053571428571428575   0.048611111111111105    0.04444444444444445    0.04090909090909091  |                     -2.5
                      0-1.3877787807814457E-17   0.005555555555555522    0.00833333333333329   0.009523809523809504     0.0099206349206349   0.009920634920634892   0.009722222222222215   0.009427609427609403   0.009090909090909066  |        0.277777777777779
                      0                      0                      0 0.00035714285714287183  0.0007142857142857176  0.0009920634920634955  0.0011904761904762036  0.0013257575757575652  0.0014141414141414146  0.0014685314685314813  |     -0.04166666666666802
                      0                      0                      0                      0 2.2675736961463855E-05  5.668934240368002E-05  9.276437847870536E-05 0.00012626262626268215 0.00015540015540022956 0.00017982017982023186  |    0.0071428571428526905
                      0                      0                      0                      0                      0 1.4315490504753121E-06  4.294647151655923E-06  8.093758093610163E-06   1.23333456664448E-05 1.6650016649797424E-05  |   -0.0013227513227547574
                      0                      0                      0                      0                      0                      0  9.009749234929775E-08  3.153412235219954E-07  6.727279440710119E-07 1.1352284059151481E-06  |   0.00025767882934697554
                      0                      0                      0                      0                      0                      0 3.1534122350339455E-07 1.1093542539633415E-06 2.3771876884565407E-06   4.02723561417576E-06  |    0.0008498446003663953
                      0                      0                      0                      0                      0-1.6940658945086007E-21  6.727279440027275E-07 2.3771876883413713E-06 5.1139499872393355E-06  8.693714979555371E-06  |    0.0017266683941557798
                      0                      0                      0  2.168404344971009E-19                      0                      0  1.135228405836347E-06  4.027235614039435E-06    8.6937149796008E-06 1.4825071861830066E-05  |     0.002797202798402721

Step #7:

                      1                    0.5     0.3333333333333333                   0.25                    0.2    0.16666666666666666    0.14285714285714285                  0.125     0.1111111111111111                    0.1  |                       10
                      0    0.08333333333333331    0.08333333333333334    0.07500000000000001    0.06666666666666665    0.05952380952380952   0.053571428571428575   0.048611111111111105    0.04444444444444445    0.04090909090909091  |                     -2.5
                      0-1.3877787807814457E-17   0.005555555555555522    0.00833333333333329   0.009523809523809504     0.0099206349206349   0.009920634920634892   0.009722222222222215   0.009427609427609403   0.009090909090909066  |        0.277777777777779
                      0                      0                      0 0.00035714285714287183  0.0007142857142857176  0.0009920634920634955  0.0011904761904762036  0.0013257575757575652  0.0014141414141414146  0.0014685314685314813  |     -0.04166666666666802
                      0                      0                      0                      0 2.2675736961463855E-05  5.668934240368002E-05  9.276437847870536E-05 0.00012626262626268215 0.00015540015540022956 0.00017982017982023186  |    0.0071428571428526905
                      0                      0                      0                      0                      0 1.4315490504753121E-06  4.294647151655923E-06  8.093758093610163E-06   1.23333456664448E-05 1.6650016649797424E-05  |   -0.0013227513227547574
                      0                      0                      0                      0                      0                      0  9.009749234929775E-08  3.153412235219954E-07  6.727279440710119E-07 1.1352284059151481E-06  |   0.00025767882934697554
                      0                      0                      0                      0                      0                      0                      0  5.659970653374173E-09 2.2639882110967714E-08  5.393618993400154E-08  |  -5.2031303151257044E-05
                      0                      0                      0                      0                      0-1.6940658945086007E-21                      0 2.2639882095907468E-08  9.091466308692992E-08 2.1734286784316474E-07  |  -0.00019733353486096786
                      0                      0                      0  2.168404344971009E-19                      0                      0                      0  5.393618983911013E-08  2.173428676165902E-07  5.211939191357394E-07  |  -0.00044955045776182926

Step #8:

                      1                    0.5     0.3333333333333333                   0.25                    0.2    0.16666666666666666    0.14285714285714285                  0.125     0.1111111111111111                    0.1  |                       10
                      0    0.08333333333333331    0.08333333333333334    0.07500000000000001    0.06666666666666665    0.05952380952380952   0.053571428571428575   0.048611111111111105    0.04444444444444445    0.04090909090909091  |                     -2.5
                      0-1.3877787807814457E-17   0.005555555555555522    0.00833333333333329   0.009523809523809504     0.0099206349206349   0.009920634920634892   0.009722222222222215   0.009427609427609403   0.009090909090909066  |        0.277777777777779
                      0                      0                      0 0.00035714285714287183  0.0007142857142857176  0.0009920634920634955  0.0011904761904762036  0.0013257575757575652  0.0014141414141414146  0.0014685314685314813  |     -0.04166666666666802
                      0                      0                      0                      0 2.2675736961463855E-05  5.668934240368002E-05  9.276437847870536E-05 0.00012626262626268215 0.00015540015540022956 0.00017982017982023186  |    0.0071428571428526905
                      0                      0                      0                      0                      0 1.4315490504753121E-06  4.294647151655923E-06  8.093758093610163E-06   1.23333456664448E-05 1.6650016649797424E-05  |   -0.0013227513227547574
                      0                      0                      0                      0                      0                      0  9.009749234929775E-08  3.153412235219954E-07  6.727279440710119E-07 1.1352284059151481E-06  |   0.00025767882934697554
                      0                      0                      0                      0                      0                      0                      0  5.659970653374173E-09 2.2639882110967714E-08  5.393618993400154E-08  |  -5.2031303151257044E-05
                      0                      0                      0                      0                      0-1.6940658945086007E-21                      0                      0  3.551367134159045E-10 1.5981130394793306E-09  |   1.0791672985936414E-05
                      0                      0                      0  2.168404344971009E-19                      0                      0                      0                      0 1.5981130489551411E-09  7.213766651317911E-09  |    4.627724457254251E-05

Step #9:

                      1                    0.5     0.3333333333333333                   0.25                    0.2    0.16666666666666666    0.14285714285714285                  0.125     0.1111111111111111                    0.1  |                       10
                      0    0.08333333333333331    0.08333333333333334    0.07500000000000001    0.06666666666666665    0.05952380952380952   0.053571428571428575   0.048611111111111105    0.04444444444444445    0.04090909090909091  |                     -2.5
                      0-1.3877787807814457E-17   0.005555555555555522    0.00833333333333329   0.009523809523809504     0.0099206349206349   0.009920634920634892   0.009722222222222215   0.009427609427609403   0.009090909090909066  |        0.277777777777779
                      0                      0                      0 0.00035714285714287183  0.0007142857142857176  0.0009920634920634955  0.0011904761904762036  0.0013257575757575652  0.0014141414141414146  0.0014685314685314813  |     -0.04166666666666802
                      0                      0                      0                      0 2.2675736961463855E-05  5.668934240368002E-05  9.276437847870536E-05 0.00012626262626268215 0.00015540015540022956 0.00017982017982023186  |    0.0071428571428526905
                      0                      0                      0                      0                      0 1.4315490504753121E-06  4.294647151655923E-06  8.093758093610163E-06   1.23333456664448E-05 1.6650016649797424E-05  |   -0.0013227513227547574
                      0                      0                      0                      0                      0                      0  9.009749234929775E-08  3.153412235219954E-07  6.727279440710119E-07 1.1352284059151481E-06  |   0.00025767882934697554
                      0                      0                      0                      0                      0                      0                      0  5.659970653374173E-09 2.2639882110967714E-08  5.393618993400154E-08  |  -5.2031303151257044E-05
                      0                      0                      0                      0                      0-1.6940658945086007E-21                      0                      0  3.551367134159045E-10 1.5981130394793306E-09  |   1.0791672985936414E-05
                      0                      0                      0  2.168404344971009E-19                      0                      0                      0                      0                      0 2.2267700021640965E-11  |   -2.285218184396754E-06

Solved augmented matrix:

                      1                    0.5     0.3333333333333333                   0.25                    0.2    0.16666666666666666    0.14285714285714285                  0.125     0.1111111111111111                    0.1  |                       10
                      0    0.08333333333333331    0.08333333333333334    0.07500000000000001    0.06666666666666665    0.05952380952380952   0.053571428571428575   0.048611111111111105    0.04444444444444445    0.04090909090909091  |                     -2.5
                      0-1.3877787807814457E-17   0.005555555555555522    0.00833333333333329   0.009523809523809504     0.0099206349206349   0.009920634920634892   0.009722222222222215   0.009427609427609403   0.009090909090909066  |        0.277777777777779
                      0                      0                      0 0.00035714285714287183  0.0007142857142857176  0.0009920634920634955  0.0011904761904762036  0.0013257575757575652  0.0014141414141414146  0.0014685314685314813  |     -0.04166666666666802
                      0                      0                      0                      0 2.2675736961463855E-05  5.668934240368002E-05  9.276437847870536E-05 0.00012626262626268215 0.00015540015540022956 0.00017982017982023186  |    0.0071428571428526905
                      0                      0                      0                      0                      0 1.4315490504753121E-06  4.294647151655923E-06  8.093758093610163E-06   1.23333456664448E-05 1.6650016649797424E-05  |   -0.0013227513227547574
                      0                      0                      0                      0                      0                      0  9.009749234929775E-08  3.153412235219954E-07  6.727279440710119E-07 1.1352284059151481E-06  |   0.00025767882934697554
                      0                      0                      0                      0                      0                      0                      0  5.659970653374173E-09 2.2639882110967714E-08  5.393618993400154E-08  |  -5.2031303151257044E-05
                      0                      0                      0                      0                      0-1.6940658945086007E-21                      0                      0  3.551367134159045E-10 1.5981130394793306E-09  |   1.0791672985936414E-05
                      0                      0                      0  2.168404344971009E-19                      0                      0                      0                      0                      0 2.2267700021640965E-11  |   -2.285218184396754E-06

Solving:

-2.285218184396754E-06 - 0 = -2.285218184396754E-06

1.5981130394793306E-09 * -102624.79655177025 = -0.0001640060255432975

1.0791672985936414E-05 - -0.0001640060255432975 = 0.0001747976985292339

2.2639882110967714E-08 * 492198.3335598604 = 0.011143312247010003

5.393618993400154E-08 * -102624.79655177025 = -0.005535190518754547

-5.2031303151257044E-05 - 0.005608121728255457 = -0.005660153031406713

3.153412235219954E-07 * -1000032.222434304 = -0.31535138458385364

6.727279440710119E-07 * 492198.3335598604 = 0.33111557301090305

1.1352284059151481E-06 * -102624.79655177025 = -0.11650258419683254

0.00025767882934697554 - -0.10073839576978313 = 0.10099607459913011

4.294647151655923E-06 * 1120964.3239301243 = 4.814146240874416

8.093758093610163E-06 * -1000032.222434304 = -8.094018894198607

1.23333456664448E-05 * 492198.3335598604 = 6.070452184241857

1.6650016649797424E-05 * -102624.79655177025 = -1.708704571269048

-0.0013227513227547574 - 1.0818749596486175 = -1.0831977109713722

5.668934240368002E-05 * -756661.2618769311 = -42.89462935814194

9.276437847870536E-05 * 1120964.3239301243 = 103.98555880618012

0.00012626262626268215 * -1000032.222434304 = -126.26669475186195

0.00015540015540022956 * 492198.3335598604 = 76.48769752293633

0.00017982017982023186 * -102624.79655177025 = -18.454009369954036

0.0071428571428526905 - -7.142077150841473 = 7.149220007984326

0.0007142857142857176 * 315280.6023519335 = 225.20043025138213

0.0009920634920634955 * -756661.2618769311 = -750.6560137667992

0.0011904761904762036 * 1120964.3239301243 = 1334.4813380120675

0.0013257575757575652 * -1000032.222434304 = -1325.800294893953

0.0014141414141414146 * 492198.3335598604 = 696.0380474583886

0.0014685314685314813 * -102624.79655177025 = -150.70774318791567

-0.04166666666666802 - 28.555763873170434 = -28.597430539837102

0.00833333333333329 * -80072.80551154059 = -667.2733792628347

0.009523809523809504 * 315280.6023519335 = 3002.672403351741

0.0099206349206349 * -756661.2618769311 = -7506.560137667951

0.009920634920634892 * 1120964.3239301243 = 11120.677816767075

0.009722222222222215 * -1000032.222434304 = -9722.53549588906

0.009427609427609403 * 492198.3335598604 = 4640.253649722577

0.009090909090909066 * -102624.79655177025 = -932.9526959251816

0.277777777777779 - -65.7178389036344 = 65.99561668141219

0.08333333333333334 * 11879.211002654265 = 989.9342502211889

0.07500000000000001 * -80072.80551154059 = -6005.460413365545

0.06666666666666665 * 315280.6023519335 = 21018.706823462227

0.05952380952380952 * -756661.2618769311 = -45039.360826007796

0.053571428571428575 * 1120964.3239301243 = 60051.66021054237

0.048611111111111105 * -1000032.222434304 = -48612.67747944532

0.04444444444444445 * 492198.3335598604 = 21875.481491549355

0.04090909090909091 * -102624.79655177025 = -4198.287131663328

-2.5 - 79.99692529315143 = -82.49692529315143

0.5 * -989.9631035178174 = -494.9815517589087

0.3333333333333333 * 11879.211002654265 = 3959.7370008847547

0.25 * -80072.80551154059 = -20018.201377885147

0.2 * 315280.6023519335 = 63056.1204703867

0.16666666666666666 * -756661.2618769311 = -126110.21031282184

0.14285714285714285 * 1120964.3239301243 = 160137.7605614463

0.125 * -1000032.222434304 = -125004.027804288

0.1111111111111111 * 492198.3335598604 = 54688.70372887338

0.1 * -102624.79655177025 = -10262.479655177027

10 - -47.57894033978664 = 57.57894033978664

Results:

      57.57894033978664
     -989.9631035178174
     11879.211002654265
     -80072.80551154059
      315280.6023519335
     -756661.2618769311
     1120964.3239301243
     -1000032.222434304
      492198.3335598604
    -102624.79655177025


### Gaussian elimination with main element selection

Augmented matrix:

                      1                    0.5     0.3333333333333333                   0.25                    0.2    0.16666666666666666    0.14285714285714285                  0.125     0.1111111111111111                    0.1  |                       10
                    0.5     0.3333333333333333                   0.25                    0.2    0.16666666666666666    0.14285714285714285                  0.125     0.1111111111111111                    0.1    0.09090909090909091  |                      2.5
     0.3333333333333333                   0.25                    0.2    0.16666666666666666    0.14285714285714285                  0.125     0.1111111111111111                    0.1    0.09090909090909091    0.08333333333333333  |       1.1111111111111112
                   0.25                    0.2    0.16666666666666666    0.14285714285714285                  0.125     0.1111111111111111                    0.1    0.09090909090909091    0.08333333333333333    0.07692307692307693  |                    0.625
                    0.2    0.16666666666666666    0.14285714285714285                  0.125     0.1111111111111111                    0.1    0.09090909090909091    0.08333333333333333    0.07692307692307693    0.07142857142857142  |                      0.4
    0.16666666666666666    0.14285714285714285                  0.125     0.1111111111111111                    0.1    0.09090909090909091    0.08333333333333333    0.07692307692307693    0.07142857142857142    0.06666666666666667  |       0.2777777777777778
    0.14285714285714285                  0.125     0.1111111111111111                    0.1    0.09090909090909091    0.08333333333333333    0.07692307692307693    0.07142857142857142    0.06666666666666667                 0.0625  |      0.20408163265306123
                  0.125     0.1111111111111111                    0.1    0.09090909090909091    0.08333333333333333    0.07692307692307693    0.07142857142857142    0.06666666666666667                 0.0625   0.058823529411764705  |                  0.15625
     0.1111111111111111                    0.1    0.09090909090909091    0.08333333333333333    0.07692307692307693    0.07142857142857142    0.06666666666666667                 0.0625   0.058823529411764705    0.05555555555555555  |      0.12345679012345678
                    0.1    0.09090909090909091    0.08333333333333333    0.07692307692307693    0.07142857142857142    0.06666666666666667                 0.0625   0.058823529411764705    0.05555555555555555    0.05263157894736842  |                      0.1

Step #1:

                      1     0.3333333333333333                    0.5                   0.25                    0.2    0.16666666666666666    0.14285714285714285                  0.125     0.1111111111111111                    0.1  |                       10
                      0     0.0888888888888889    0.08333333333333334    0.08333333333333333    0.07619047619047618    0.06944444444444445    0.06349206349206349    0.05833333333333334    0.05387205387205388   0.049999999999999996  |       -2.222222222222222
                      0    0.08333333333333334    0.08333333333333331    0.07500000000000001    0.06666666666666665    0.05952380952380952   0.053571428571428575   0.048611111111111105    0.04444444444444445    0.04090909090909091  |                     -2.5
                      0    0.08333333333333333    0.07500000000000001    0.08035714285714285                  0.075    0.06944444444444445     0.0642857142857143    0.05965909090909091    0.05555555555555555   0.051923076923076926  |                   -1.875
                      0    0.07619047619047618    0.06666666666666665                  0.075     0.0711111111111111    0.06666666666666668   0.062337662337662345    0.05833333333333333     0.0547008547008547    0.05142857142857142  |                     -1.6
                      0    0.06944444444444445    0.05952380952380952    0.06944444444444445    0.06666666666666668    0.06313131313131314    0.05952380952380952     0.0560897435897436    0.05291005291005291                   0.05  |      -1.3888888888888888
                      0    0.06349206349206349   0.053571428571428575     0.0642857142857143   0.062337662337662345    0.05952380952380952    0.05651491365777081    0.05357142857142857   0.050793650793650794   0.048214285714285716  |      -1.2244897959183672
                      0    0.05833333333333334   0.048611111111111105    0.05965909090909091    0.05833333333333333     0.0560897435897436    0.05357142857142857   0.051041666666666666    0.04861111111111111    0.04632352941176471  |                 -1.09375
                      0    0.05387205387205388    0.04444444444444445    0.05555555555555555     0.0547008547008547    0.05291005291005291   0.050793650793650794    0.04861111111111111    0.04647785039941903    0.04444444444444444  |      -0.9876543209876544
                      0   0.049999999999999996    0.04090909090909091   0.051923076923076926    0.05142857142857142                   0.05   0.048214285714285716    0.04632352941176471    0.04444444444444444   0.042631578947368416  |                     -0.9

Step #2:

                      1     0.3333333333333333                    0.1                   0.25                    0.2    0.16666666666666666    0.14285714285714285                  0.125     0.1111111111111111                    0.5  |                       10
                      0                      1     0.5624999999999999     0.9374999999999998     0.8571428571428569     0.7812499999999999     0.7142857142857141                0.65625      0.606060606060606     0.9374999999999999  |      -24.999999999999993
                      0                      0   0.014506578947368422    0.00504807692307694   0.008571428571428584    0.01093750000000001   0.012500000000000018   0.013511029411764713   0.014141414141414142  -0.005965909090909084  |      0.34999999999999953
                      0                      0    0.00504807692307694   0.002232142857142877  0.0035714285714286004    0.00434027777777779   0.004761904761904787   0.004971590909090912   0.005050505050505055  -0.003124999999999975  |       0.2083333333333326
                      0                      0   0.008571428571428577  0.0035714285714285865   0.005804988662131527   0.007142857142857173   0.007915893630179374   0.008333333333333331   0.008524808524808539  -0.004761904761904759  |       0.3047619047619039
                      0                      0    0.01093750000000001    0.00434027777777779   0.007142857142857173   0.008877840909090919   0.009920634920634927   0.010516826923076927   0.010822510822510824  -0.005580357142857137  |       0.3472222222222219
                      0                      0   0.012500000000000011   0.004761904761904787   0.007915893630179374   0.009920634920634927    0.01116343973486833   0.011904761904761904   0.012313612313612318  -0.005952380952380938  |       0.3628117913832196
                      0                      0   0.013511029411764706  0.0049715909090909186   0.008333333333333338   0.010516826923076934   0.011904761904761911   0.012760416666666663    0.01325757575757576  -0.006076388888888895  |      0.36458333333333304
                      0                      0   0.014141414141414139   0.005050505050505055   0.008524808524808539   0.010822510822510824   0.012313612313612318   0.013257575757575753   0.013828120779992438  -0.006060606060606051  |      0.35914702581369207
